1 3 10
1 02 01 02 02 02 02 01 02 02 0
1 02 01 02 02 02 02 01 02 02 0
1 02 11 02 02 02 02 01 02 02 0
1 02 01 02 02 02 02 02 02 02 0
1 02 02 02 02 02 02 02 02 02 0
2 02 02 02 01 01 02 02 02 02 0
2 02 02 02 02 02 02 02 02 02 0
2 02 02 02 02 02 02 01 01 02 0
2 02 02 02 02 02 02 02 02 02 0
1 02 02 02 01 02 02 02 02 02 0
0 0 0 4 5
2 0 2 3 4
7 0 7 2 3
4 5 5 5 2
7 7 8 7 2
0 9 0 9 1
4 9 4 9 1
2 01 01 02 02 01 01 01 01 01 0
2 02 02 02 02 02 02 02 02 02 0
2 02 02 02 02 02 01 02 02 02 0
2 02 02 01 02 02 02 02 02 01 0
2 02 02 01 02 02 02 01 02 02 0
2 02 02 01 02 01 02 01 02 02 0
2 02 02 01 02 01 02 01 02 02 0
2 02 02 02 02 02 02 02 02 02 0
2 02 02 02 02 02 02 02 02 02 0
2 12 02 02 02 02 02 02 02 02 0
5 0 9 0 5
3 3 3 6 4
7 4 7 6 3
5 5 5 6 2
1 0 2 0 2
9 3 9 3 1
6 2 6 2 1
