1 3 20
2 02 02 02 02 02 02 02 02 02 02 02 02 02 02 02 02 02 02 02 0
2 02 01 02 02 01 01 02 02 02 02 02 02 02 02 02 02 02 01 02 0
2 02 02 02 02 02 02 02 02 02 01 02 02 02 02 02 02 02 01 02 0
2 01 01 02 02 02 02 02 02 02 02 02 01 01 01 02 02 02 01 02 0
2 02 02 02 02 02 02 01 02 02 02 02 02 02 02 02 02 02 02 02 0
2 02 02 01 02 02 02 01 02 02 02 02 02 02 02 02 02 02 02 02 0
1 02 02 02 02 02 02 01 02 02 02 02 01 02 02 02 02 01 02 02 0
1 02 02 02 02 02 02 01 02 02 02 02 01 02 02 02 02 02 02 02 0
1 02 02 02 02 02 02 01 02 02 02 02 01 02 02 02 02 02 02 02 0
1 02 02 02 02 02 02 02 02 02 02 02 02 02 02 01 02 02 02 02 0
1 02 02 02 02 01 01 01 01 02 02 02 02 02 02 02 02 02 02 02 0
2 02 02 02 02 02 02 02 02 02 02 02 02 02 02 01 01 01 02 02 0
2 02 01 01 01 01 02 02 02 02 01 01 02 02 02 02 02 02 02 02 0
2 02 02 02 02 02 02 02 02 02 02 02 02 02 02 02 02 02 02 02 0
2 02 02 02 02 02 02 01 02 02 02 01 01 01 01 02 02 02 02 02 0
2 02 02 02 02 02 02 02 02 02 02 02 02 02 02 02 02 02 02 02 0
2 02 02 01 01 01 02 02 02 02 02 02 02 01 02 02 01 01 02 02 0
2 01 02 02 02 02 02 02 02 02 02 02 02 01 02 02 02 02 02 02 0
2 02 02 02 02 02 02 02 02 02 02 02 02 01 02 02 02 02 02 02 0
2 02 02 02 02 02 02 02 02 01 01 02 02 01 02 02 02 02 02 02 0
7 4 7 8 5
0 6 0 10 5
5 10 8 10 4
13 16 13 19 4
2 12 5 12 4
11 14 14 14 4
12 3 14 3 3
15 11 17 11 3
12 6 12 8 3
3 16 5 16 3
18 1 18 3 3
1 3 2 3 2
5 1 6 1 2
10 12 11 12 2
16 16 17 16 2
9 19 10 19 2
3 5 3 5 1
15 9 15 9 1
17 6 17 6 1
7 14 7 14 1
1 17 1 17 1
2 1 2 1 1
10 2 10 2 1
2 02 02 02 02 02 02 02 02 02 02 02 02 02 02 02 02 02 02 02 0
2 02 02 02 02 02 02 01 01 01 01 02 02 02 02 02 02 02 02 02 0
2 02 02 02 01 02 02 02 02 02 02 02 01 01 01 01 01 02 02 02 0
2 02 02 02 01 02 02 02 02 02 02 02 02 02 02 02 02 02 02 01 0
2 02 02 02 01 02 02 02 02 02 02 02 02 02 02 02 02 02 02 01 0
2 02 02 02 02 02 02 02 02 02 02 02 02 02 02 02 01 02 02 01 0
2 02 02 01 01 02 02 01 01 01 01 02 02 02 02 02 01 02 02 01 0
2 02 02 02 02 02 02 02 02 02 02 02 01 01 01 02 02 02 02 02 0
2 02 02 02 02 02 02 02 01 01 02 02 02 02 02 02 01 02 02 02 0
2 02 02 02 01 01 02 02 02 02 02 02 02 02 02 02 02 02 01 02 0
2 02 01 02 02 02 02 02 02 02 02 01 02 02 02 02 02 02 02 02 0
1 02 01 02 02 02 02 02 02 02 02 01 02 02 02 02 02 01 01 01 0
2 02 02 02 02 02 02 02 02 02 02 01 02 02 02 02 02 02 02 02 0
2 02 02 02 02 02 02 02 02 02 02 01 02 02 02 02 02 02 02 02 0
2 02 02 01 02 02 02 02 02 02 02 01 02 02 02 02 02 01 02 02 0
2 02 02 01 02 02 02 02 02 02 02 02 02 02 02 02 02 02 02 02 0
2 02 02 01 02 02 02 01 01 01 02 02 02 02 02 02 01 01 01 02 0
2 02 02 01 02 02 02 02 02 02 02 02 01 02 02 02 02 02 02 02 0
2 02 02 02 02 02 01 02 02 02 02 02 02 02 02 02 01 02 02 02 0
2 02 02 02 02 02 02 02 02 02 02 02 02 02 02 02 02 02 02 02 0
11 10 11 14 5
12 2 16 2 5
7 6 10 6 4
7 1 10 1 4
3 14 3 17 4
19 3 19 6 4
4 2 4 4 3
7 16 9 16 3
12 7 14 7 3
17 11 19 11 3
16 16 18 16 3
16 5 16 6 2
4 9 5 9 2
3 6 4 6 2
2 10 2 11 2
8 8 9 8 2
12 17 12 17 1
17 14 17 14 1
18 9 18 9 1
16 18 16 18 1
0 11 0 11 1
16 8 16 8 1
6 18 6 18 1
