1 3 10
1 01 01 01 01 02 02 02 02 12 1
2 02 02 02 02 02 02 02 02 02 0
1 01 01 01 02 01 01 01 02 02 0
2 02 02 02 02 02 02 02 02 02 0
1 01 02 01 01 02 01 02 02 02 0
2 02 02 02 02 02 02 12 01 02 0
2 02 02 02 02 02 02 02 02 02 0
2 02 12 02 02 02 02 02 02 02 0
2 02 02 02 02 02 02 02 02 02 0
2 02 02 02 02 02 02 02 02 02 0
0 0 4 0 5
0 2 3 2 4
5 2 7 2 3
0 4 1 4 2
3 4 4 4 2
6 4 6 4 1
8 5 8 5 1
2 11 02 02 02 02 01 02 02 02 0
2 11 02 02 02 02 01 02 02 01 0
2 12 02 02 01 02 02 02 02 01 0
2 12 02 02 01 02 02 02 02 01 0
2 12 12 02 01 02 02 01 02 02 0
1 12 12 02 01 02 02 01 02 02 0
2 12 12 02 01 02 02 01 02 02 0
1 02 02 02 02 02 02 01 02 02 0
2 02 02 02 02 02 02 02 02 02 0
2 02 02 02 02 02 02 02 02 02 0
4 2 4 6 5
7 4 7 7 4
9 1 9 3 3
6 0 6 1 2
1 0 1 1 2
0 5 0 5 0
0 7 0 7 1
