1 3 10
1 01 01 01 01 02 02 02 02 02 0
2 02 02 02 02 02 02 02 02 02 0
1 01 01 01 02 01 01 01 02 02 0
2 02 02 02 02 02 02 02 02 02 0
1 01 02 01 01 02 01 02 02 02 0
2 02 02 02 02 02 02 02 01 02 0
2 02 02 02 02 02 02 02 02 02 0
2 02 02 02 02 02 02 02 02 02 0
2 02 02 02 02 02 02 02 02 02 0
2 02 02 02 02 02 02 02 02 02 0
0 0 4 0 5
0 2 3 2 4
5 2 7 2 3
0 4 1 4 2
3 4 4 4 2
6 4 6 4 1
8 5 8 5 1
1 02 01 02 02 02 02 02 02 02 0
2 02 01 02 02 01 01 01 01 01 0
2 02 01 02 02 02 02 02 02 02 0
2 02 02 02 02 01 02 02 02 02 0
2 01 02 02 02 01 02 02 01 02 0
2 02 02 02 02 02 02 02 01 02 0
2 01 02 02 02 02 02 02 01 02 0
2 01 02 02 02 02 02 02 01 02 0
2 02 02 02 02 02 02 02 02 02 0
2 02 02 02 02 02 02 02 02 02 0
5 1 9 1 5
8 4 8 7 4
2 0 2 2 3
1 6 1 7 2
5 3 5 4 2
1 4 1 4 1
0 0 0 0 1
