1 3 10
1 11 11 11 11 12 12 12 02 02 0
2 12 12 12 12 12 12 12 12 12 0
1 11 11 11 02 11 11 11 12 12 0
2 12 12 12 12 12 12 12 12 12 0
1 11 12 11 11 12 11 12 12 12 1
2 12 12 12 12 12 12 12 11 12 1
2 02 02 02 02 02 02 02 12 12 1
2 02 02 02 02 02 02 02 02 02 0
2 02 02 02 02 02 02 02 02 02 1
2 02 02 02 02 02 02 02 02 02 0
0 0 4 0 0
0 2 3 2 1
5 2 7 2 0
0 4 1 4 0
3 4 4 4 0
6 4 6 4 0
8 5 8 5 0
2 12 02 02 01 02 02 02 02 01 0
2 11 02 02 02 02 02 02 02 01 0
2 11 02 02 02 01 02 02 02 02 0
2 11 02 02 02 01 02 02 02 02 0
2 11 02 01 02 01 02 01 02 01 0
2 11 02 01 02 02 02 02 02 01 0
2 02 02 01 02 02 02 02 02 02 0
2 02 02 01 02 02 02 02 02 02 0
2 02 02 02 02 02 02 02 02 02 0
2 02 02 02 02 02 02 02 02 02 0
1 1 1 5 5
3 4 3 7 4
5 2 5 4 3
9 0 9 1 2
9 4 9 5 2
4 0 4 0 1
7 4 7 4 1
