2 -2141006540 26
1 01 01 01 01 02 01 01 02 01 02 01 02 02 02 02 02 02 02 02 02 02 02 02 02 02 0
2 12 02 02 02 02 02 02 02 02 02 02 02 02 02 02 02 02 02 02 02 02 02 02 02 02 0
1 01 01 01 01 02 01 01 02 01 02 01 02 02 02 02 02 02 02 02 02 02 02 02 02 02 0
2 02 02 02 02 02 02 02 02 02 02 02 02 02 02 02 02 02 02 02 02 02 02 02 02 02 0
1 01 01 01 01 02 01 01 02 01 02 02 02 02 02 02 02 02 02 02 02 02 02 02 02 02 0
2 02 02 02 02 02 02 02 02 02 02 02 02 02 02 02 02 02 02 02 02 02 02 02 02 02 0
1 01 01 01 01 02 01 01 02 01 02 02 02 02 02 02 02 02 02 02 02 02 02 02 02 02 0
2 02 02 02 02 02 02 02 02 02 02 02 02 02 02 02 02 02 02 02 02 02 02 02 02 02 0
1 01 01 01 02 01 01 02 01 01 02 02 02 02 02 02 02 02 02 02 02 02 02 02 02 02 0
2 02 02 02 02 02 02 02 02 02 02 02 02 02 02 02 02 02 02 02 02 02 02 02 02 02 0
1 01 01 01 02 01 01 02 01 01 02 02 02 02 02 02 02 02 02 02 02 02 02 02 02 02 0
2 02 02 02 02 02 02 02 02 02 02 02 02 02 02 02 02 02 02 02 02 02 02 02 02 02 0
1 01 01 01 02 01 01 01 02 01 01 02 02 02 02 02 02 02 02 02 02 02 02 02 02 02 0
2 02 02 02 02 02 02 02 02 02 02 02 02 02 02 02 02 02 02 02 02 02 02 02 02 02 0
1 01 01 01 02 01 01 01 02 01 02 02 02 02 02 02 02 02 02 02 02 02 02 02 02 02 0
2 02 02 02 02 02 02 02 02 02 02 02 02 02 02 02 02 02 02 02 02 02 02 02 02 02 0
1 01 01 01 02 01 01 01 02 01 02 02 02 02 02 02 02 02 02 02 02 02 02 02 02 02 0
2 02 02 02 02 02 02 02 02 02 02 02 02 02 02 02 02 02 02 02 02 02 02 02 02 02 0
1 01 01 01 02 01 01 01 02 01 02 02 02 02 02 02 02 02 02 02 02 02 02 02 02 02 0
2 02 02 02 02 02 02 02 02 02 02 02 02 02 02 02 02 02 02 02 02 02 02 02 02 02 0
1 01 01 01 02 01 01 01 02 01 02 02 02 02 02 02 02 02 02 02 02 02 02 02 02 02 0
2 02 02 02 02 02 02 02 02 02 02 02 02 02 02 02 02 02 02 02 02 02 02 02 02 02 0
1 01 01 02 01 01 01 02 01 01 02 02 02 02 02 02 02 02 02 02 02 02 02 02 02 02 0
2 02 02 02 02 02 02 02 02 02 02 02 02 02 02 02 02 02 02 02 02 02 02 02 02 02 0
1 01 01 02 01 01 01 02 01 01 02 02 02 02 02 02 02 02 02 02 02 02 02 02 02 02 0
2 02 02 02 02 02 02 02 02 02 02 02 02 02 02 02 02 02 02 02 02 02 02 02 02 02 0
0 0 4 0 5
0 2 4 2 5
0 4 4 4 5
0 6 4 6 5
0 8 3 8 4
0 10 3 10 4
0 12 3 12 4
0 14 3 14 4
0 16 3 16 4
0 18 3 18 4
0 20 3 20 4
0 22 2 22 3
0 24 2 24 3
4 22 6 22 3
4 24 6 24 3
5 12 7 12 3
5 14 7 14 3
5 16 7 16 3
5 18 7 18 3
5 20 7 20 3
5 8 6 8 2
5 10 6 10 2
6 0 7 0 2
6 2 7 2 2
6 4 7 4 2
6 6 7 6 2
8 8 9 8 2
8 10 9 10 2
9 12 10 12 2
8 22 9 22 2
8 24 9 24 2
9 0 9 0 1
9 2 9 2 1
9 4 9 4 1
9 6 9 6 1
9 14 9 14 1
9 16 9 16 1
9 18 9 18 1
9 20 9 20 1
11 0 11 0 1
11 2 11 2 1
1 11 01 01 01 02 01 01 02 01 02 01 02 02 02 02 02 02 02 02 02 02 02 02 02 02 0
2 12 02 02 02 02 02 02 02 02 02 02 02 02 02 02 02 02 02 02 02 02 02 02 02 02 0
1 01 01 01 01 02 01 01 02 01 02 01 02 02 02 02 02 02 02 02 02 02 02 02 02 02 0
2 02 02 02 02 02 02 02 02 02 02 02 02 02 02 02 02 02 02 02 02 02 02 02 02 02 0
1 01 01 01 01 02 01 01 02 01 02 02 02 02 02 02 02 02 02 02 02 02 02 02 02 02 0
2 02 02 02 02 02 02 02 02 02 02 02 02 02 02 02 02 02 02 02 02 02 02 02 02 02 0
1 01 01 01 01 02 01 01 02 01 02 02 02 02 02 02 02 02 02 02 02 02 02 02 02 02 0
2 02 02 02 02 02 02 02 02 02 02 02 02 02 02 02 02 02 02 02 02 02 02 02 02 02 0
1 01 01 01 02 01 01 02 01 01 02 02 02 02 02 02 02 02 02 02 02 02 02 02 02 02 0
2 02 02 02 02 02 02 02 02 02 02 02 02 02 02 02 02 02 02 02 02 02 02 02 02 02 0
1 01 01 01 02 01 01 02 01 01 02 02 02 02 02 02 02 02 02 02 02 02 02 02 02 02 0
2 02 02 02 02 02 02 02 02 02 02 02 02 02 02 02 02 02 02 02 02 02 02 02 02 02 0
1 01 01 01 02 01 01 01 02 01 01 02 02 02 02 02 02 02 02 02 02 02 02 02 02 02 0
2 02 02 02 02 02 02 02 02 02 02 02 02 02 02 02 02 02 02 02 02 02 02 02 02 02 0
1 01 01 01 02 01 01 01 02 01 02 02 02 02 02 02 02 02 02 02 02 02 02 02 02 02 0
2 02 02 02 02 02 02 02 02 02 02 02 02 02 02 02 02 02 02 02 02 02 02 02 02 02 0
1 01 01 01 02 01 01 01 02 01 02 02 02 02 02 02 02 02 02 02 02 02 02 02 02 02 0
2 02 02 02 02 02 02 02 02 02 02 02 02 02 02 02 02 02 02 02 02 02 02 02 02 02 0
1 01 01 01 02 01 01 01 02 01 02 02 02 02 02 02 02 02 02 02 02 02 02 02 02 02 0
2 02 02 02 02 02 02 02 02 02 02 02 02 02 02 02 02 02 02 02 02 02 02 02 02 02 0
1 01 01 01 02 01 01 01 02 01 02 02 02 02 02 02 02 02 02 02 02 02 02 02 02 02 0
2 02 02 02 02 02 02 02 02 02 02 02 02 02 02 02 02 02 02 02 02 02 02 02 02 02 0
1 01 01 02 01 01 01 02 01 01 02 02 02 02 02 02 02 02 02 02 02 02 02 02 02 02 0
2 02 02 02 02 02 02 02 02 02 02 12 02 02 02 02 02 02 02 02 02 02 02 02 02 02 0
1 01 01 02 01 01 01 02 01 01 02 02 02 02 02 02 02 02 02 02 02 02 02 02 02 02 0
2 02 02 02 02 02 02 02 02 02 02 02 02 02 02 02 02 02 02 02 02 02 02 02 02 02 0
0 0 4 0 4
0 2 4 2 5
0 4 4 4 5
0 6 4 6 5
0 8 3 8 4
0 10 3 10 4
0 12 3 12 4
0 14 3 14 4
0 16 3 16 4
0 18 3 18 4
0 20 3 20 4
0 22 2 22 3
0 24 2 24 3
4 22 6 22 3
4 24 6 24 3
5 12 7 12 3
5 14 7 14 3
5 16 7 16 3
5 18 7 18 3
5 20 7 20 3
5 8 6 8 2
5 10 6 10 2
6 0 7 0 2
6 2 7 2 2
6 4 7 4 2
6 6 7 6 2
8 8 9 8 2
8 10 9 10 2
9 12 10 12 2
8 22 9 22 2
8 24 9 24 2
9 0 9 0 1
9 2 9 2 1
9 4 9 4 1
9 6 9 6 1
9 14 9 14 1
9 16 9 16 1
9 18 9 18 1
9 20 9 20 1
11 0 11 0 1
11 2 11 2 1
