2 -2141006540 10
1 11 11 11 11 12 12 02 02 02 0
2 12 12 12 12 12 12 02 02 02 0
1 11 11 11 12 11 01 01 02 02 0
2 12 12 12 12 12 02 02 02 02 0
1 01 02 01 01 02 01 02 02 02 0
2 02 02 02 02 02 02 02 01 02 0
2 02 02 02 02 02 02 02 02 02 0
2 02 02 02 02 02 02 02 02 02 0
2 02 02 02 02 02 02 02 02 02 0
2 12 02 02 02 02 02 02 02 02 0
0 0 4 0 0
0 2 3 2 0
5 2 7 2 3
0 4 1 4 2
3 4 4 4 2
6 4 6 4 1
8 5 8 5 1
1 11 11 11 11 12 12 02 02 02 0
2 12 12 12 12 12 12 12 12 12 0
1 11 11 11 12 11 11 11 12 12 0
2 12 12 12 12 12 12 12 12 12 0
1 11 12 11 11 12 11 12 12 12 1
2 12 12 12 12 12 12 12 11 12 1
2 02 02 02 02 02 02 02 12 12 1
2 02 02 02 02 02 02 02 02 02 0
2 02 02 02 02 02 02 02 02 02 0
2 02 02 02 02 02 02 02 02 12 1
0 0 4 0 0
0 2 3 2 0
5 2 7 2 0
0 4 1 4 0
3 4 4 4 0
6 4 6 4 0
8 5 8 5 0
