1 3 26
1 01 01 01 01 02 01 01 02 01 02 01 02 02 02 02 02 02 02 02 02 02 02 02 02 02 0
2 02 02 02 02 02 02 02 02 02 02 02 02 02 02 02 02 02 02 02 02 02 02 02 02 02 0
1 01 01 01 01 02 01 01 02 01 02 01 02 02 02 02 02 02 02 02 02 02 02 02 02 02 0
2 02 02 02 02 02 02 02 02 02 02 02 02 02 02 02 02 02 02 02 02 02 02 02 02 02 0
1 01 01 01 01 02 01 01 02 01 02 02 02 02 02 02 02 02 02 02 02 02 02 02 02 02 0
2 02 02 02 02 02 02 02 02 02 02 02 02 02 02 02 02 02 02 02 02 02 02 02 02 02 0
1 01 01 01 01 02 01 01 02 01 02 02 02 02 02 02 02 02 02 02 02 02 02 02 02 02 0
2 02 02 02 02 02 02 02 02 02 02 02 02 02 02 02 02 02 02 02 02 02 02 02 02 02 0
1 01 01 01 02 01 01 02 01 01 02 02 02 02 02 02 02 02 02 02 02 02 02 02 02 02 0
2 02 02 02 02 02 02 02 02 02 02 02 02 02 02 02 02 02 02 02 02 02 02 02 02 02 0
1 01 01 01 02 01 01 02 01 01 02 02 02 02 02 02 02 02 02 02 02 02 02 02 02 02 0
2 02 02 02 02 02 02 02 02 02 02 02 02 02 02 02 02 02 02 02 02 02 02 02 02 02 0
1 01 01 01 02 01 01 01 02 01 01 02 02 02 02 02 02 02 02 02 02 02 02 02 02 02 0
2 02 02 02 02 02 02 02 02 02 02 02 02 02 02 02 02 02 02 02 02 02 02 02 02 02 0
1 01 01 01 02 01 01 01 02 01 02 02 02 02 02 02 02 02 02 02 02 02 02 02 02 02 0
2 02 02 02 02 02 02 02 02 02 02 02 02 02 02 02 02 02 02 02 02 02 02 02 02 02 0
1 01 01 01 02 01 01 01 02 01 02 02 02 02 02 02 02 02 02 02 02 02 02 02 02 02 0
2 02 02 02 02 02 02 02 02 02 02 02 02 02 02 02 02 02 02 02 02 02 02 02 02 02 0
1 01 01 01 02 01 01 01 02 01 02 02 02 02 02 02 02 02 02 02 02 02 02 02 02 02 0
2 02 02 02 02 02 02 02 02 02 02 02 02 02 02 02 02 02 02 02 02 02 02 02 02 02 0
1 01 01 01 02 01 01 01 02 01 02 02 02 02 02 02 02 02 02 02 02 02 02 02 02 02 0
2 02 02 02 02 02 02 02 02 02 02 02 02 02 02 02 02 02 02 02 02 02 02 02 02 02 0
1 01 01 02 01 01 01 02 01 01 02 02 02 02 02 02 02 02 02 02 02 02 02 02 02 02 0
2 02 02 02 02 02 02 02 02 02 02 02 02 02 02 02 02 02 02 02 02 02 02 02 02 02 0
1 01 01 02 01 01 01 02 01 01 02 02 02 02 02 02 02 02 02 02 02 02 02 02 02 02 0
2 02 02 02 02 02 02 02 02 02 02 02 02 02 02 02 02 02 02 02 02 02 02 02 02 02 0
0 0 4 0 5
0 2 4 2 5
0 4 4 4 5
0 6 4 6 5
0 8 3 8 4
0 10 3 10 4
0 12 3 12 4
0 14 3 14 4
0 16 3 16 4
0 18 3 18 4
0 20 3 20 4
0 22 2 22 3
0 24 2 24 3
4 22 6 22 3
4 24 6 24 3
5 12 7 12 3
5 14 7 14 3
5 16 7 16 3
5 18 7 18 3
5 20 7 20 3
5 8 6 8 2
5 10 6 10 2
6 0 7 0 2
6 2 7 2 2
6 4 7 4 2
6 6 7 6 2
8 8 9 8 2
8 10 9 10 2
9 12 10 12 2
8 22 9 22 2
8 24 9 24 2
9 0 9 0 1
9 2 9 2 1
9 4 9 4 1
9 6 9 6 1
9 14 9 14 1
9 16 9 16 1
9 18 9 18 1
9 20 9 20 1
11 0 11 0 1
11 2 11 2 1
2 01 02 02 01 02 02 02 02 02 02 02 02 02 02 02 02 01 02 02 02 02 02 02 02 02 0
2 01 02 02 01 02 02 02 02 02 02 02 02 02 02 02 02 02 02 02 01 01 02 02 02 02 0
2 01 02 02 01 02 02 02 02 02 02 02 02 02 02 02 02 02 02 02 02 02 02 02 02 02 0
2 01 02 02 01 02 02 01 01 01 01 02 02 02 02 01 01 01 01 02 02 02 02 02 02 02 0
2 02 02 02 02 02 02 02 02 02 02 02 02 02 02 02 02 02 02 02 02 01 02 02 02 02 0
2 02 02 02 02 02 02 02 02 02 02 02 02 02 02 02 02 02 02 02 02 02 02 02 02 02 0
2 02 02 02 02 02 02 02 02 02 02 02 01 01 02 02 01 01 01 02 02 02 02 02 02 02 0
1 01 02 01 01 02 02 01 02 02 01 02 02 02 02 02 02 02 02 02 02 02 02 02 02 02 0
2 02 02 02 02 02 02 01 02 02 01 02 02 02 02 02 02 02 02 02 02 02 02 02 02 02 0
2 02 02 02 02 02 02 01 02 02 01 02 02 02 02 02 02 02 01 01 01 02 02 02 02 02 0
1 02 01 02 02 02 02 01 02 02 02 02 02 01 01 01 01 02 02 02 02 02 02 02 02 02 0
1 02 02 02 02 02 02 01 02 02 02 02 02 02 02 02 02 02 02 02 02 02 02 01 02 02 0
1 02 01 02 02 02 02 02 02 02 02 02 02 02 02 02 01 02 02 02 02 02 02 02 02 01 0
1 02 01 02 02 02 02 02 02 02 02 02 02 02 02 02 01 02 02 02 02 02 02 01 02 02 0
1 02 01 02 02 01 01 01 01 01 02 02 02 02 02 02 02 02 02 01 01 01 02 01 02 01 0
2 02 01 02 02 02 02 02 02 02 02 02 02 02 01 01 01 02 02 02 02 02 02 01 02 02 0
2 02 02 02 02 02 02 02 02 02 02 02 02 02 02 02 02 02 02 02 02 02 02 02 02 02 0
2 02 02 02 02 01 02 02 02 02 02 02 02 02 02 02 02 02 02 02 02 02 02 02 02 02 0
2 02 02 01 02 01 02 02 01 02 02 02 02 02 02 01 02 02 02 01 01 01 01 01 02 02 0
2 02 02 01 02 01 02 02 01 02 02 02 02 02 02 01 02 02 02 02 02 02 02 02 02 02 0
2 02 02 02 02 01 02 02 01 02 01 02 01 02 02 02 02 02 02 02 02 02 02 02 02 01 0
1 01 01 02 02 02 02 02 02 02 02 02 01 02 02 02 02 02 02 02 01 02 02 02 02 01 0
2 02 02 02 02 02 02 02 02 02 02 02 01 02 02 02 02 02 02 02 01 02 02 02 02 02 0
2 02 01 02 01 01 02 02 02 02 02 02 02 02 02 02 02 02 02 02 02 02 02 02 02 02 0
1 02 01 02 02 02 02 02 02 02 02 02 02 02 02 01 02 02 02 02 01 02 02 02 02 02 0
2 02 02 02 02 02 02 02 02 02 02 02 02 02 02 02 02 02 02 02 02 02 02 02 02 02 0
7 7 7 11 5
0 10 0 14 5
19 18 23 18 5
5 14 9 14 5
5 17 5 20 4
4 0 4 3 4
15 3 18 3 4
1 0 1 3 4
7 3 10 3 4
13 10 16 10 4
2 12 2 15 4
14 15 16 15 3
18 9 20 9 3
12 20 12 22 3
10 7 10 9 3
0 21 2 21 3
8 18 8 20 3
16 6 18 6 3
23 13 23 15 3
19 14 21 14 3
0 7 1 7 2
25 20 25 21 2
12 6 13 6 2
3 7 4 7 2
3 18 3 19 2
20 1 21 1 2
20 21 20 22 2
16 12 16 13 2
4 23 5 23 2
15 18 15 19 2
2 23 2 24 2
23 11 23 11 1
10 20 10 20 1
21 4 21 4 1
25 14 25 14 1
15 24 15 24 1
0 24 0 24 1
17 0 17 0 1
25 12 25 12 1
2 10 2 10 1
20 24 20 24 1
